EF Labs, (300, 200)
Bus Stop - West Beijing Road, (60, 0) / Metro YuYuan Road, (-60, 330)
(40, 20), (80, 20), (80, 30), (60, 30), (60, 50), (40, 50)
(50, 60), (70, 60), (70, 70), (50, 70)
(30, 80), (50, 80), (50, 120), (30, 120)
(20, 130), (50, 130), (50, 180), (40, 180), (40, 150), (20, 150)
(40, 230), (80, 230), (80, 260), (40, 260)
(20, 280), (80, 280), (80, 350), (60, 350), (60, 300), (0, 300)
(90, 26), (150, 26), (150, 56), (90, 56)
(60, 84), (120, 84), (120, 140), (60, 140)
(90, 180), (180, 180), (180, 230), (90, 230)
(84, 240), (160, 240), (160, 258), (120, 258), (120, 270), (84, 264)
(90, 280), (150, 280), (150, 295), (90, 290)
(160, 26), (230, 26), (230, 70), (160, 70)
(140, 100), (164, 100), (164, 80), (226, 80), (226, 180), (140, 180)
(156, 282), (226, 290), (200, 310), (200, 380), (190, 380), (190, 310)
(250, 20), (280, 20), (280, 36), (260, 36), (260, 28), (250, 28)
(260, 50), (280, 50), (280, 130), (250, 130)
(190, 190), (230, 190), (230, 264), (190, 264)
(234, 180), (240, 180), (240, 160), (280, 160), (280, 220), (270, 220), (270, 240), (250, 240), (250, 220), (240, 220), (240, 240), (234, 240)
(240, 244), (250, 244), (250, 280), (240, 280)
(254, 270), (260, 270), (260, 240), (274, 240), (274, 280), (254, 280)
(230, 290), (260, 300), (260, 380), (220, 380), (220, 310)